# Cases start on July 9th 
295%30%200%197%Restaurant 13 (R)%1,6,10,10,7,8,18,19
65%33%222%64%Restaurant 1 (R)%2,18,16,16,11,10,17,7,9
32%26%275%44%Restaurant 13 (R)%20,2,11,1,16,8,15,2,20,13,12
# New cases found on July 21st
303%29%203%201%Restaurant 1 (R)%7,9,9,12,13,3,15,14
119%27%226%94%Restaurant 1 (R)%11,3,14,14,1,5,3,20,13
234%32%226%161%Restaurant 1 (R)%2,8,19,14,16,13,18,9,1
83%26%270%74%Restaurant 1 (R)%7,4,11,14,3,5,16,14,20,4,5
# New cases found on July 25th
123%32%294%96%Restaurant 1 (R)%19,11,9,4,16,14,17,14,1,7,7,19
302%26%296%200%Restaurant 8 (R)%14,10,4,17,1,17,9,20,3,16,8,4
283%35%325%189%Restaurant 1 (R)%1,20,8,7,9,12,16,20,3,17,6,16,2,19
126%28%343%98%Restaurant 13 (R)%20,2,7,16,10,6,11,10,20,18,18,3,15,12
125%31%348%97%Restaurant 13 (R)%11,20,19,4,5,13,16,15,17,7,4,2,5,13
136%33%366%104%Restaurant 13 (R)%20,6,11,4,9,9,15,15,15,20,15,17,5,14,3
4%27%368%29%Restaurant 16 (R)%17,13,10,1,12,10,8,1,17,19,4,15,3,4,11
17%31%368%35%Restaurant 4 (R)%13,5,9,15,16,1,16,2,11,7,11,2,9,12,5
265%27%368%179%Restaurant 13 (R)%20,14,20,13,13,11,4,1,8,9,10,20,13,18,18
239%28%372%164%Restaurant 13 (R)%8,19,4,10,4,13,7,9,10,18,1,14,9,12,9